acquire 1574
    0383 1574 1578 2510 2584 2662
    2697 2732 2827 2893 2941 2956
    3016 3029 3275 3292 3516 3922
    3942 3961 4459 4515 4620 4683
    4774 4786 4805 4980 5007 5026
    5081 5408 5441 5512 5525 6030
    6054 6068 6963 6984 7005 8160
    8331 8378 8414
acquiresleep 4772
    0392 4627 4642 4772 5461 5510
allocproc 2505
    2505 2561 2632
allocuvm 1927
    0436 1927 1941 1947 2610 6801
    6815
alltraps 3404
    3359 3367 3380 3385 3403 3404
ALT 7860
    7860 7888 7890
argfd 6221
    6221 6273 6288 6307 6318 6331
argint 3702
    0410 3702 3716 3732 3884 3906
    3920 3958 6226 6288 6307 6558
    6625 6626 6682
argptr 3711
    0411 3711 3975 6288 6307 6331
    6707
argstr 3729
    0412 3729 6357 6458 6558 6607
    6624 6658 6682
BACK 8711
    8711 8824 8970 9239
backcmd 8746 8964
    8746 8759 8825 8964 8966 9092
    9205 9240
BACKSPACE 8250
    8250 8267 8309 8342 8348
balloc 5166
    5166 5186 5567 5575 5579
BBLOCK 4260
    4260 5173 5207
begin_op 4978
    0338 2692 4978 6083 6174 6360
    6461 6561 6606 6623 6657 6771
bfree 5202
    5202 5614 5624 5627
bget 4616
    4616 4646 4656
binit 4588
    0265 1230 4588
bmap 5560
    5302 5560 5586 5670 5720
bootmain 9367
    9318 9367
BPB 4257
    4257 4260 5172 5174 5208
bread 4652
    0266 4652 4927 4928 4940 4956
    5040 5041 5135 5156 5173 5207
    5361 5385 5464 5576 5620 5670
    5720
brelse 4676
    0267 4676 4679 4931 4932 4947
    4964 5044 5045 5137 5159 5179
    5184 5214 5367 5370 5394 5472
    5582 5626 5673 5724
BSIZE 4205
    4009 4205 4224 4251 4257 4430
    4446 4469 4908 4929 5042 5157
    5670 5671 5672 5716 5720 5721
    5722
buf 4000
    0250 0266 0267 0268 0310 0337
    2120 2123 2132 2134 4000 4006
    4007 4008 4363 4381 4384 4424
    4456 4504 4506 4509 4576 4580
    4584 4590 4603 4615 4618 4651
    4654 4665 4676 4856 4927 4928
    4940 4941 4947 4956 4957 4963
    4964 5040 5041 5072 5120 5133
    5154 5169 5204 5357 5382 5455
    5563 5609 5656 5706 8080 8091
    8095 8098 8318 8340 8354 8388
    8409 8416 8834 8837 8838 8839
    8853 8865 8866 8868 8869 8870
    8874
bwrite 4665
    0268 4665 4668 4930 4963 5043
bzero 5152
    5152 5180
B_DIRTY 4012
    4012 4444 4468 4473 4510 4528
    4636 4669 5089
B_VALID 4011
    4011 4472 4510 4528 4657
C 7881 8324
    7881 7929 7954 7955 7956 7957
    7958 7960 8324 8334 8338 8345
    8356 8389
CAPSLOCK 7862
    7862 7895 8036
cgaputc 8255
    8255 8313
clearpteu 2022
    0445 2022 2028 6817
cli 0557
    0557 0559 1124 1672 8210 8304
    9262
cmd 8715
    8715 8727 8736 8737 8742 8743
    8748 8752 8756 8765 8768 8773
    8781 8787 8791 8801 8825 8827
    8902 8905 8907 8908 8909 8910
    8913 8914 8916 8918 8919 8920
    8921 8922 8923 8924 8925 8926
    8929 8930 8932 8934 8935 8936
    8937 8938 8939 8950 8951 8953
    8955 8956 8957 8958 8959 8960
    8963 8964 8966 8968 8969 8970
    8971 8972 9062 9063 9064 9065
    9067 9071 9074 9080 9081 9084
    9087 9089 9092 9096 9098 9100
    9103 9105 9108 9110 9113 9114
    9125 9128 9131 9135 9150 9153
    9158 9162 9163 9166 9171 9172
    9178 9187 9188 9194 9195 9201
    9202 9211 9214 9216 9222 9223
    9228 9234 9240 9241 9244
cmostime 7702
    0327 7702
CMOS_PORT 7627
    7627 7641 7642 7684
cmos_read 7682
    7682 7693 7694 7695 7696 7697
    7698 7707 7714
CMOS_RETURN 7628
    7628 7687
CMOS_STATA 7670
    7670 7714
CMOS_STATB 7671
    7671 7707
CMOS_UIP 7672
    7672 7714
COM1 8464
    8464 8474 8477 8478 8479 8480
    8481 8482 8485 8491 8492 8507
    8509 8517 8519
commit 5051
    4903 5025 5051
CONSOLE 4336
    4336 8428 8429
consoleinit 8424
    0271 1226 8424
consoleintr 8327
    0273 8048 8327 8525
consoleread 8371
    8371 8429
consolewrite 8409
    8409 8428
consputc 8301
    8067 8098 8168 8186 8189 8193
    8194 8301 8342 8348 8355 8416
context 2326
    0251 0380 2303 2326 2345 2546
    2547 2548 2549 2850 2885 3079
CONV 7723
    7723 7724 7725 7726 7727 7728
    7729 7730
copyout 2118
    0444 2118 6825 6836
copyuvm 2035
    0441 2035 2046 2048 2637
cprintf 8152
    0272 1254 1941 1947 2845 3077
    3081 3084 3085 3087 3540 3553
    3558 3812 5301 6775 7809 8152
    8213 8214 8215 8218
cpu 2301
    0313 0363 1254 1268 1506 1566
    1590 1608 1656 1717 2301 2312
    2414 2452 2474 2813 3540 3553
    3558 7363
cpuid 2434
    0358 1254 1723 2434 3515 3541
    3554 3561
CR0_PE 0707
    0707 1137 1170 9293
CR0_PG 0709
    0709 1054 1170
CR0_WP 0708
    0708 1054 1170
CR4_PSE 0711
    0711 1047 1163
create 6507
    6507 6526 6539 6543 6564 6607
    6627
CRTPORT 8251
    8251 8260 8261 8262 8263 8281
    8282 8283 8284
CTL 7859
    7859 7885 7889 8035
DAY 7677
    7677 7696
deallocuvm 1961
    0437 1942 1948 1961 2009 2613
DEVSPACE 0204
    0204 1813 1826
devsw 4329
    4329 4334 5659 5661 5709 5711
    6012 8428 8429
dinode 4228
    4228 4251 5358 5362 5383 5386
    5456 5465
dirent 4265
    4265 5764 5805 6405 6454
dirlink 5802
    0290 5802 5817 5825 6380 6538
    6542 6543
dirlookup 5761
    0291 5761 5767 5771 5809 5925
    6473 6516
DIRSIZ 4263
    4263 4267 5755 5822 5878 5879
    5942 6354 6455 6510
DPL_USER 0761
    0761 1726 1727 2569 2570 3473
    3568 3578
E0ESC 7866
    7866 8020 8024 8025 8027 8030
elfhdr 0905
    0905 6765 9369 9374
ELF_MAGIC 0902
    0902 6784 9380
ELF_PROG_LOAD 0936
    0936 6795
end_op 5003
    0339 2694 5003 6085 6179 6362
    6369 6387 6396 6463 6497 6502
    6566 6571 6577 6586 6590 6608
    6612 6628 6632 6659 6665 6670
    6774 6809 6860
entry 1044
    0911 1040 1043 1044 3352 3353
    6849 7221 9371 9395 9396
EOI 7516
    7516 7591 7617
ERROR 7537
    7537 7584
ESR 7519
    7519 7587 7588
EXEC 8707
    8707 8772 8909 9215
exec 6760
    0277 6698 6760 6775 8618 8679
    8680 8776 8777
execcmd 8719 8903
    8719 8760 8773 8903 8905 9171
    9177 9178 9206 9216
exit 2675
    0359 2675 2720 3505 3509 3569
    3579 3869 8567 8570 8611 8676
    8681 8766 8775 8785 8830 8877
    8884
EXTMEM 0202
    0202 0208 1810
fdalloc 6253
    6253 6275 6582 6712
fetchint 3667
    0413 3667 3704 6689
fetchstr 3681
    0414 3681 3734 6695
file 4300
    0252 0280 0281 0282 0284 0285
    0286 0351 2348 4300 5121 6010
    6015 6025 6028 6031 6051 6052
    6064 6066 6102 6115 6152 6215
    6221 6224 6253 6270 6284 6303
    6316 6328 6555 6704 6908 6922
    8061 8459 8728 8783 8784 8914
    8922 9122
filealloc 6026
    0280 6026 6582 6928
fileclose 6064
    0281 2687 6064 6070 6321 6584
    6715 6716 6954 6956
filedup 6052
    0282 2655 6052 6056 6277
fileinit 6019
    0283 1231 6019
fileread 6115
    0284 6115 6130 6290
filestat 6102
    0285 6102 6333
filewrite 6152
    0286 6152 6184 6189 6309
fill_rtcdate 7691
    7691 7713 7716
FL_IF 0704
    0704 1674 1681 2457 2573 2882
fork 2625
    0360 2625 3863 8610 8673 8675
    8892 8894
fork1 8888
    8750 8792 8804 8811 8826 8873
    8888
forkret 2903
    2421 2549 2903
freerange 3251
    3211 3235 3241 3251
freevm 2003
    0438 1831 2003 2008 2062 2745
    6852 6857
FSSIZE 0162
    0162 4428
gatedesc 0855
    0523 0526 0855 3461
getcallerpcs 1627
    0384 1591 1627 3079 8216
getcmd 8834
    8834 8865
getpinfo 3124
    0377 3119 3124 3771 3797 3951
    3969 3978 8632
gettoken 9006
    9006 9091 9095 9107 9120 9121
    9157 9161 9183
growproc 2603
    0361 2603 3909
havedisk1 4383
    4383 4413 4512
holding 1652
    0385 1577 1604 1652 2876
holdingsleep 4801
    0394 4508 4667 4678 4801 5483
HOURS 7676
    7676 7695
ialloc 5354
    0292 5354 5372 6525 6526
IBLOCK 4254
    4254 5361 5385 5464
ICRHI 7530
    7530 7594 7652 7664
ICRLO 7520
    7520 7595 7596 7653 7655 7665
ID 7513
    7513 7554 7609
ideinit 4401
    0308 1232 4401
ideintr 4454
    0309 3524 4454
idelock 4380
    4380 4405 4459 4462 4480 4515
    4529 4533
iderw 4504
    0310 4504 4509 4511 4513 4658
    4670
idestart 4424
    4384 4424 4427 4435 4478 4525
idewait 4388
    4388 4407 4437 4468
IDE_BSY 4366
    4366 4392
IDE_CMD_RDMUL 4373
    4373 4432
